1, 41.1720859, -8.6148178,norte
2,41.1605747, -8.5855818, norte
3,41.1666825, -8.6751895,norte
4,41.158881, -8.6337921,norte
5,41.1492281, -8.6120275,norte
6,41.1504982, -8.6654695,norte
7,41.2421226, -8.6807401,norte
8,40.2094433, -8.4208601,centro
9,40.2027321, -8.4333746,centro
10,40.188891, -8.410378,centro
11,40.6394116, -8.6621375,centro
12,40.6597787, -7.9136921,centro
13,38.6942546, -9.2129457,sul
14,38.7288464, -9.1481854,sul
15,38.7756417, -9.1325313,sul
16,38.7527152, -9.1869627,sul
17,38.7542524, -9.1235235,sul
18,38.9369329, -9.3290594,sul